AlejoJesus1994  0     0       0       0       0       0     0       0     0     0     0     0
kvaleriano      7     11      6.5     7.5     7       8     18.75   3.5   5     1     0     2.5
eduardovp97     0     0       0       0       0       0     0       0     0     0     0     0
brutaka         0     0       0       0       0       0     0       0     0     0     0     0
Robert_Alonso   7     10      12.5    10.5    12      10.5  17.75   10.5  10.5  10    0     1
Lucas97         5     6       4.5     2       0       3     9       0     1     2     0     0.25
wingerlion      0     0       0       0       0       0     0       0     0     0     0     0
Slsvcn          3.5   7.5     5.5     0.5     1.5     3     10.75   1     1     0     0     1
Gerard901       1.75  2       1       0       0       2     4       0     2     0     0     0.25
The_Blitz       5.5   10      4.5     4.5     4       4     8       4     9     2.5   0     0.25
jael860         6.75  10      6       6       4.5     4     15.25   3     4.5   1     0     2
polomaster      1     1       0       0       0       0     0       0     0     0     0     0.25
Dan212P         3.5   3.5     4.5     0       0       0     4.5     0     1     0     0     0
juanjo12x       6.75  11      10      10      8       6.5   13.75   4     9     5     0     1.75
mg423           0     0       0       0       0       0     0       0     0     0     0     0
itu             6     10      9.5     8       11      8     17.75   5.5   9     3     0     1
hailo           7.5   12      12      14      15.5    13    18.75   12.5  12.5  10    4     3.5
jafc            6.5   10      11.5    12.5    13.5    9     13.75   14    13.5  7     0     2.75
Dito9           0.5   12      5.5     4.5     0       0     0       0     0     0     0     0
wirox91         0     0       0       0       0       0     0       0     0     0     0     0
Rxcso           6.75  12      13      13.5    15      10.5  17.25   10    14    8     4     5.75
kirasam         6.75  10      12      14      13.5    9     16.25   10    9     6     0     1.5
